1788152456.243 0
1788152456.663 0
1788152457.085 0
1788152457.504 0
1788152457.920 0
1788152458.336 0
1788152458.754 0
1788152459.170 0
1788152459.592 0
1788152460.012 0
1788152460.433 0
1788152460.857 0
1788152461.274 0
1788152461.695 0
1788152462.116 0
1788152462.534 0
1788152462.956 0
1788152463.376 0
1788152463.796 0
1788152464.214 0
1788152464.639 0
1788152465.059 0
1788152465.475 0
1788152465.891 0
1788152466.310 0
1788152466.729 0
1788152467.153 0
1788152467.574 0
1788152467.993 0
1788152468.409 0
1788152468.827 0
1788152469.245 0
1788152469.663 0
1788152470.081 0
1788152470.504 0
1788152470.931 0
1788152471.348 0
1788152471.764 0
1788152472.183 0
1788152472.598 0
1788152473.026 0
1788152473.442 0
1788152473.858 0
1788152474.277 0
1788152474.697 0
1788152475.114 0
1788152475.531 0
1788152475.953 0
1788152476.370 0
1788152476.790 0
1788152477.205 0
1788152477.621 0
1788152478.043 0
1788152478.483 0
1788152478.904 0
1788152479.338 0
1788152479.759 0
1788152480.195 0
1788152480.611 0
1788152481.044 0
1788152481.462 0
1788152481.880 0
1788152482.300 0
1788152482.721 0
1788152483.142 0
1788152483.572 0
1788152483.990 0
1788152484.407 0
1788152484.824 0
1788152485.243 0
1788152485.660 0
1788152486.078 0
1788152486.493 0
1788152486.914 0
1788152487.334 0
1788152487.761 0
1788152488.177 0
1788152488.593 0
1788152489.014 0
1788152489.431 0
1788152489.846 0
1788152490.262 0
1788152490.678 0
1788152491.096 0
1788152491.514 0
1788152491.937 0
1788152492.355 0
1788152492.775 0
1788152493.192 0
1788152493.614 0
1788152494.029 0
1788152494.449 0
1788152494.864 0
1788152495.281 0
1788152495.701 0
1788152496.117 0
1788152496.533 0
1788152496.952 0
1788152497.370 0
1788152497.787 0
1788152498.204 0
1788152498.621 0
1788152499.039 0
1788152499.457 0
1788152499.872 0
1788152500.289 0
1788152500.706 0
1788152501.123 0
1788152501.540 0
1788152501.966 0
1788152502.390 0
1788152502.805 0
1788152503.231 0
1788152503.650 0
1788152504.065 0
1788152504.483 0
1788152504.903 0
1788152505.322 0
1788152505.737 0
1788152506.154 0
1788152506.573 0
1788152506.991 0
1788152507.407 0
1788152507.823 0
1788152508.244 0
1788152508.671 0
1788152509.088 0
1788152509.509 0
1788152509.930 0
1788152510.345 0
1788152510.764 0
1788152511.183 0
1788152511.602 0
1788152512.018 0
1788152512.439 0
1788152512.856 0
1788152513.277 0
1788152513.694 0
1788152514.118 0
1788152514.537 0
1788152514.960 0
1788152515.377 0
1788152515.806 0
1788152516.223 0
1788152516.648 0
1788152517.066 0
1788152517.493 0
1788152517.910 0
1788152518.333 0
1788152518.751 0
1788152519.173 0
1788152519.597 0
1788152520.020 0
1788152520.439 0
1788152520.861 0
1788152521.278 0
1788152521.706 0
1788152522.124 0
1788152522.546 0
1788152522.966 0
1788152523.384 0
1788152523.809 0
1788152524.225 0
1788152524.642 0
1788152525.063 0
1788152525.484 0
1788152525.903 0
1788152526.321 0
1788152526.741 0
1788152527.158 0
1788152527.574 0
1788152527.993 0
1788152528.416 0
1788152528.831 0
1788152529.256 0
1788152529.673 0
1788152530.090 0
1788152530.511 0
1788152530.938 0
1788152531.356 0
1788152531.774 0
1788152532.189 0
1788152532.611 0
1788152533.030 0
1788152533.447 0
1788152533.867 0
1788152534.287 0
1788152534.707 0
1788152535.127 0
1788152535.550 0
1788152535.971 0
1788152536.387 0
1788152536.805 0
1788152537.221 0
1788152537.640 0
1788152538.058 0
1788152538.473 0
1788152538.900 0
1788152539.319 0
1788152539.742 0
1788152540.177 0
1788152540.598 0
1788152541.018 0
1788152541.436 0
1788152541.854 0
1788152542.275 0
1788152542.691 0
1788152543.108 0
1788152543.535 0
1788152543.951 0
1788152544.370 0
1788152544.791 0
1788152545.212 0
1788152545.632 0
