1788152748.281 0
1788152748.703 0
1788152749.123 0
1788152749.544 0
1788152749.965 0
1788152750.387 0
1788152750.814 0
1788152751.234 0
1788152751.654 0
1788152752.074 0
1788152752.493 0
1788152752.913 0
1788152753.332 0
1788152753.754 0
1788152754.175 0
1788152754.598 0
1788152755.020 0
1788152755.440 0
1788152755.859 0
1788152756.279 0
1788152756.698 0
1788152757.119 0
1788152757.539 0
1788152757.959 0
1788152758.378 0
1788152758.796 0
1788152759.215 0
1788152759.641 0
1788152760.060 0
1788152760.483 0
1788152760.904 0
1788152761.328 0
1788152761.762 0
1788152762.181 0
1788152762.600 0
1788152763.022 0
1788152763.444 0
1788152763.869 0
1788152764.289 0
1788152764.708 0
1788152765.126 0
1788152765.546 0
1788152765.970 0
1788152766.393 0
1788152766.817 0
1788152767.237 0
1788152767.663 0
1788152768.088 0
1788152768.513 0
1788152768.936 0
1788152769.379 0
1788152769.799 0
1788152770.224 0
1788152770.643 0
1788152771.064 0
1788152771.493 0
1788152771.921 0
1788152772.340 0
1788152772.780 0
1788152773.205 0
1788152773.634 0
1788152774.056 0
1788152774.474 0
1788152774.895 0
1788152775.317 0
1788152775.737 0
1788152776.162 0
1788152776.580 0
1788152777.003 0
1788152777.421 0
1788152777.855 0
1788152778.275 0
1788152778.709 0
1788152779.127 0
1788152779.553 0
1788152779.976 0
1788152780.399 0
1788152780.819 0
1788152781.239 0
1788152781.662 0
1788152782.083 0
1788152782.507 0
1788152782.935 0
1788152783.354 0
1788152783.774 0
1788152784.198 0
1788152784.627 0
1788152785.046 0
1788152785.474 0
1788152785.893 0
1788152786.315 0
1788152786.735 0
1788152787.163 0
1788152787.585 0
1788152788.004 0
1788152788.428 0
1788152788.848 0
1788152789.268 0
1788152789.696 0
1788152790.115 0
1788152790.534 0
1788152790.960 0
1788152791.389 0
1788152791.811 0
1788152792.232 0
1788152792.657 0
1788152793.078 0
1788152793.501 0
1788152793.921 0
1788152794.340 0
1788152794.765 0
1788152795.188 0
1788152795.614 0
1788152796.033 0
1788152796.453 0
1788152796.876 0
1788152797.297 0
1788152797.716 0
1788152798.139 0
1788152798.560 0
1788152798.989 0
1788152799.410 0
1788152799.833 0
1788152800.263 0
1788152800.687 0
1788152801.107 0
1788152801.532 0
1788152801.953 0
1788152802.375 0
1788152802.795 0
1788152803.215 0
1788152803.639 0
1788152804.062 0
1788152804.484 0
1788152804.902 0
1788152805.323 0
1788152805.747 0
1788152806.174 0
1788152806.599 0
1788152807.021 0
1788152807.442 0
1788152807.872 0
1788152808.299 0
1788152808.718 0
1788152809.139 0
1788152809.562 0
1788152809.987 0
1788152810.412 0
1788152810.833 0
1788152811.256 0
1788152811.674 1
1788152812.098 3
1788152812.517 4
1788152812.941 4
1788152813.363 4
1788152813.783 4
1788152814.203 4
1788152814.623 4
1788152815.051 4
1788152815.469 4
1788152815.891 4
1788152816.320 4
1788152816.740 4
1788152817.171 4
1788152817.594 4
1788152818.014 4
1788152818.436 4
1788152818.860 4
1788152819.283 4
1788152819.703 4
1788152820.125 4
1788152820.549 4
1788152820.979 4
1788152821.406 4
1788152821.831 4
1788152822.258 4
1788152822.678 4
1788152823.101 4
1788152823.531 4
1788152823.980 4
1788152824.399 4
1788152824.819 4
1788152825.240 4
1788152825.661 4
1788152826.083 4
1788152826.509 4
1788152826.934 4
1788152827.357 4
1788152827.776 4
1788152828.202 4
1788152828.622 4
1788152829.040 4
1788152829.459 4
1788152829.878 4
1788152830.307 4
1788152830.726 4
1788152831.144 4
1788152831.565 4
1788152831.982 4
1788152832.401 4
1788152832.821 4
1788152833.240 4
1788152833.667 4
1788152834.087 4
1788152834.506 4
1788152834.931 4
1788152835.348 4
1788152835.769 4
1788152836.188 4
1788152836.610 4
1788152837.029 4
1788152837.467 4
1788152837.886 4
1788152838.315 4
1788152838.744 4
1788152839.165 4
1788152839.586 4
1788152840.016 4
1788152840.437 4
1788152840.859 4
1788152841.283 4
1788152841.707 1
1788152842.135 1
1788152842.564 1
1788152842.983 1
1788152843.403 0
1788152843.823 0
1788152844.250 0
1788152844.669 0
1788152845.093 0
1788152845.521 0
1788152845.945 0
1788152846.365 0
1788152846.788 0
1788152847.212 0
1788152847.632 0
1788152848.053 0
1788152848.479 0
1788152848.899 0
1788152849.316 0
1788152849.738 0
1788152850.161 0
1788152850.582 0
1788152851.005 0
1788152851.424 0
1788152851.845 0
1788152852.266 0
1788152852.689 0
1788152853.108 0
1788152853.537 0
1788152853.966 0
1788152854.385 0
1788152854.810 0
1788152855.236 0
1788152855.657 0
1788152856.091 0
1788152856.510 0
1788152856.929 0
1788152857.348 0
1788152857.767 0
1788152858.189 0
1788152858.613 0
1788152859.040 0
1788152859.467 0
1788152859.895 0
1788152860.323 0
1788152860.744 0
1788152861.168 0
1788152861.588 0
1788152862.011 0
1788152862.431 0
1788152862.851 0
1788152863.270 0
1788152863.705 0
1788152864.127 0
1788152864.545 0
1788152864.965 0
1788152865.391 0
1788152865.811 0
1788152866.244 0
1788152866.665 0
1788152867.083 0
1788152867.503 0
1788152867.923 0
1788152868.342 0
1788152868.765 0
1788152869.184 0
1788152869.607 0
1788152870.029 0
1788152870.448 0
1788152870.870 0
1788152871.293 0
1788152871.716 0
1788152872.138 0
1788152872.557 0
1788152872.978 0
1788152873.403 0
1788152873.826 0
1788152874.250 0
1788152874.673 0
1788152875.097 0
1788152875.519 0
1788152875.938 0
1788152876.357 0
1788152876.809 0
1788152877.229 0
1788152877.649 0
1788152878.078 0
1788152878.506 0
1788152878.935 0
1788152879.356 0
1788152879.790 0
1788152880.213 0
