1788153641.731 0
1788153642.166 0
1788153642.590 0
1788153643.016 0
1788153643.435 0
1788153643.853 0
1788153644.272 0
1788153644.693 0
1788153645.108 0
1788153645.524 0
1788153645.951 0
1788153646.367 0
1788153646.791 0
1788153647.214 0
1788153647.634 0
1788153648.069 0
1788153648.489 0
1788153648.909 0
1788153649.331 0
1788153649.748 0
1788153650.168 0
1788153650.585 0
1788153651.004 0
1788153651.479 0
1788153651.903 0
1788153652.320 0
1788153652.736 0
1788153653.158 0
1788153653.576 0
1788153653.994 0
1788153654.419 0
1788153654.835 0
1788153655.252 0
1788153655.672 0
1788153656.094 0
1788153656.510 0
1788153656.933 0
1788153657.358 0
1788153657.775 0
1788153658.193 0
1788153658.616 0
1788153659.037 0
1788153659.465 0
1788153659.886 0
1788153660.312 0
1788153660.728 0
1788153661.144 0
1788153661.565 0
1788153661.991 0
1788153662.411 0
1788153662.836 0
1788153663.253 0
1788153663.672 0
1788153664.093 0
1788153664.522 0
1788153664.940 0
1788153665.365 0
1788153665.782 0
1788153666.198 0
1788153666.613 0
1788153667.031 0
1788153667.451 0
1788153667.869 0
1788153668.289 0
1788153668.707 0
1788153669.129 0
1788153669.546 0
1788153669.962 0
1788153670.380 0
1788153670.805 0
1788153671.227 0
1788153671.643 0
1788153672.062 0
1788153672.490 0
1788153672.907 0
1788153673.329 0
1788153673.746 0
1788153674.169 0
1788153674.585 0
1788153675.004 0
1788153675.422 0
1788153675.844 0
1788153676.272 0
1788153676.697 0
1788153677.116 0
1788153677.533 0
1788153677.949 0
1788153678.376 0
1788153678.794 0
1788153679.231 0
1788153679.649 0
1788153680.087 0
1788153680.506 0
1788153680.925 0
1788153681.344 0
1788153681.765 0
1788153682.187 0
1788153682.603 0
1788153683.024 0
1788153683.445 0
1788153683.871 0
1788153684.289 0
1788153684.705 0
1788153685.126 0
1788153685.542 0
1788153685.958 0
1788153686.384 0
1788153686.804 0
1788153687.222 0
1788153687.646 0
1788153688.067 0
1788153688.484 0
1788153688.911 0
1788153689.331 0
1788153689.757 0
1788153690.173 0
1788153690.594 0
1788153691.011 0
1788153691.439 0
1788153691.876 0
1788153692.296 0
1788153692.712 0
1788153693.138 0
1788153693.563 0
1788153693.986 0
1788153694.404 0
1788153694.821 0
1788153695.238 0
1788153695.654 0
1788153696.070 0
1788153696.496 0
1788153696.918 0
1788153697.338 0
1788153697.764 0
1788153698.181 0
1788153698.602 0
1788153699.024 0
1788153699.444 0
1788153699.860 0
1788153700.287 0
1788153700.774 0
1788153701.198 0
1788153701.616 0
1788153702.035 0
1788153702.452 0
1788153702.870 0
1788153703.288 0
1788153703.707 0
1788153704.124 0
1788153704.542 0
1788153704.972 0
1788153705.393 0
1788153705.814 2
1788153706.231 2
1788153706.649 4
1788153707.083 4
1788153707.505 4
1788153707.930 4
1788153708.350 4
1788153708.772 4
1788153709.195 4
1788153709.615 4
1788153710.034 4
1788153710.453 4
1788153710.885 4
1788153711.311 4
1788153711.731 4
1788153712.159 4
1788153712.583 4
1788153713.010 4
1788153713.433 4
1788153713.861 4
1788153714.281 4
1788153714.714 4
1788153715.142 4
1788153715.560 4
1788153715.981 4
1788153716.401 4
1788153716.821 4
1788153717.238 4
1788153717.656 4
1788153718.079 4
1788153718.497 4
1788153718.917 4
1788153719.343 4
1788153719.770 4
1788153720.192 4
1788153720.634 4
1788153721.054 4
1788153721.478 4
1788153721.899 4
1788153722.325 4
1788153722.745 4
1788153723.165 4
1788153723.580 4
1788153723.997 4
1788153724.417 4
1788153724.836 4
1788153725.256 4
1788153725.684 4
1788153726.107 4
1788153726.529 4
1788153726.955 4
1788153727.383 4
1788153727.801 4
1788153728.220 4
1788153728.644 4
1788153729.065 4
1788153729.486 4
1788153729.904 4
1788153730.322 4
1788153730.742 4
1788153731.163 4
1788153731.585 4
1788153732.009 4
1788153732.431 4
1788153732.849 4
1788153733.265 4
1788153733.689 4
1788153734.108 4
1788153734.535 4
1788153734.952 4
1788153735.377 4
1788153736.397 3
1788153736.817 3
1788153737.245 3
1788153737.668 3
1788153738.084 2
1788153738.507 1
1788153738.927 1
1788153739.346 1
1788153739.774 1
1788153740.191 1
1788153740.620 0
1788153741.050 0
1788153741.468 0
1788153741.899 0
1788153742.323 0
1788153742.747 0
1788153743.174 0
1788153743.611 0
1788153744.035 0
1788153744.451 0
1788153744.870 0
1788153745.288 0
1788153745.712 0
1788153746.137 0
1788153746.553 0
1788153746.970 0
1788153747.389 0
1788153747.808 0
1788153748.240 0
1788153748.669 0
1788153749.088 0
1788153749.510 0
1788153749.940 0
1788153750.357 0
1788153750.774 0
1788153751.216 0
1788153751.632 0
1788153752.061 0
1788153752.481 0
1788153752.897 0
1788153753.315 0
1788153753.734 0
1788153754.159 0
1788153754.576 0
1788153755.001 0
1788153755.427 0
1788153755.849 0
1788153756.270 0
1788153756.698 0
1788153757.121 0
1788153757.547 0
1788153757.975 0
1788153758.393 0
1788153758.829 0
1788153759.247 0
1788153759.667 0
1788153760.090 0
1788153760.513 0
1788153760.945 0
1788153761.365 0
1788153761.785 0
1788153762.226 0
1788153762.656 0
1788153763.084 0
1788153763.517 0
1788153763.950 0
1788153764.371 0
1788153764.796 0
1788153765.218 0
1788153765.659 0
1788153766.079 0
1788153766.500 0
1788153766.922 0
1788153767.356 0
1788153767.781 0
1788153768.199 0
1788153768.621 0
1788153769.041 0
1788153769.460 0
1788153769.882 0
1788153770.305 0
1788153770.722 0
1788153771.147 0
1788153771.568 0
1788153771.989 0
1788153772.428 0
1788153772.877 0
1788153773.303 0
1788153773.725 0
1788153774.154 0
1788153774.575 0
1788153774.992 0
