1788152122.308 0
1788152122.728 0
1788152123.165 0
1788152123.587 0
1788152124.005 0
1788152124.433 0
1788152124.853 0
1788152125.277 0
1788152125.694 0
1788152126.110 0
1788152126.529 0
1788152126.957 0
1788152127.378 0
1788152127.795 0
1788152128.237 0
1788152128.653 0
1788152129.076 0
1788152129.492 0
1788152129.911 0
1788152130.327 0
1788152130.749 0
1788152131.169 0
1788152131.585 0
1788152132.003 0
1788152132.431 0
1788152132.849 0
1788152133.266 0
1788152133.683 0
1788152134.110 0
1788152134.526 0
1788152134.948 0
1788152135.364 0
1788152135.780 0
1788152136.199 0
1788152136.618 0
1788152137.041 0
1788152137.461 0
1788152137.879 0
1788152138.302 0
1788152138.720 0
1788152139.140 0
1788152139.556 0
1788152139.974 0
1788152140.393 0
1788152140.811 0
1788152141.227 0
1788152141.644 0
1788152142.065 0
1788152142.486 0
1788152142.905 0
1788152143.323 0
1788152143.741 0
1788152144.160 0
1788152144.577 0
1788152144.994 0
1788152145.414 0
1788152145.830 0
1788152146.258 0
1788152146.683 0
1788152147.102 0
1788152147.521 0
1788152147.940 0
1788152148.358 0
1788152148.780 0
1788152149.198 0
1788152149.619 0
1788152150.042 0
1788152150.461 0
1788152150.882 0
1788152151.304 0
1788152151.724 0
1788152152.150 0
1788152152.566 0
1788152152.984 0
1788152153.402 0
1788152153.828 0
1788152154.249 0
1788152154.671 0
1788152155.089 0
1788152155.513 0
1788152155.933 0
1788152156.349 0
1788152156.767 0
1788152157.188 0
1788152157.604 0
1788152158.024 0
1788152158.440 0
1788152158.858 0
1788152159.277 0
1788152159.703 0
1788152160.122 0
1788152160.538 0
1788152160.955 0
1788152161.377 0
1788152161.793 0
1788152162.213 0
1788152162.629 0
1788152163.049 0
1788152163.467 0
1788152163.887 0
1788152164.305 0
1788152164.729 0
1788152165.145 0
1788152165.561 0
1788152165.977 0
1788152166.410 0
1788152166.827 0
1788152167.244 0
1788152167.660 0
1788152168.093 0
1788152168.516 0
1788152168.932 0
1788152169.349 0
1788152169.767 0
1788152170.183 0
1788152170.604 0
1788152171.026 0
1788152171.450 0
1788152171.870 0
1788152172.291 0
1788152172.713 0
1788152173.133 0
1788152173.550 0
1788152173.976 0
1788152174.401 0
