1788152224.751 0
1788152225.172 0
1788152225.589 0
1788152226.008 0
1788152226.429 0
1788152226.852 0
1788152227.278 0
1788152227.697 0
1788152228.115 0
1788152228.547 0
1788152228.963 0
1788152229.382 0
1788152229.800 0
1788152230.225 0
1788152230.651 0
1788152231.067 0
1788152231.488 0
1788152231.906 0
1788152232.327 0
1788152232.747 0
1788152233.174 0
1788152233.592 0
1788152234.009 0
1788152234.437 0
1788152234.858 0
1788152235.279 0
1788152235.699 0
1788152236.118 0
1788152236.535 0
1788152236.951 0
1788152237.373 0
1788152237.793 0
1788152238.213 0
1788152238.639 0
1788152239.060 0
1788152239.486 0
1788152239.903 0
1788152240.323 0
1788152240.739 0
1788152241.156 0
1788152241.575 0
1788152241.992 0
1788152242.414 0
1788152242.832 0
1788152243.251 0
1788152243.671 0
1788152244.088 0
1788152244.507 0
1788152244.928 0
1788152245.344 0
1788152245.761 0
1788152246.177 0
1788152246.596 0
1788152247.027 0
1788152247.444 0
1788152247.865 0
1788152248.282 0
1788152248.699 0
1788152249.116 0
1788152249.534 0
1788152249.953 0
1788152250.372 0
1788152250.795 0
1788152251.216 0
1788152251.632 0
1788152252.051 0
1788152252.468 0
1788152252.888 0
1788152253.309 0
1788152253.726 0
1788152254.152 0
1788152254.571 0
1788152254.993 0
1788152255.409 0
1788152255.834 0
1788152256.260 0
1788152256.690 0
1788152257.108 0
1788152257.527 0
1788152257.944 0
1788152258.370 0
1788152258.792 0
1788152259.213 0
1788152259.632 0
1788152260.048 0
1788152260.466 0
1788152260.882 0
1788152261.303 0
1788152261.719 0
1788152262.148 0
1788152262.569 0
1788152262.991 0
1788152263.414 0
1788152263.830 0
1788152264.249 0
1788152264.665 0
1788152265.083 0
1788152265.504 0
1788152265.921 0
1788152266.340 0
1788152266.765 0
1788152267.183 0
1788152267.606 0
1788152268.023 0
1788152268.448 0
1788152268.873 0
1788152269.290 0
1788152269.706 0
1788152270.123 0
1788152270.542 0
1788152270.961 0
1788152271.377 0
1788152271.803 0
1788152272.222 0
1788152272.647 0
1788152273.065 0
1788152273.487 0
1788152273.908 0
1788152274.324 0
1788152274.741 0
1788152275.158 0
1788152275.580 0
1788152276.003 0
1788152276.425 0
1788152276.842 0
1788152277.259 0
1788152277.679 0
1788152278.096 0
1788152278.513 0
1788152278.930 0
1788152279.347 0
1788152279.768 0
1788152280.193 0
1788152280.613 0
1788152281.038 0
1788152281.459 0
1788152281.875 0
1788152282.294 0
1788152282.712 0
1788152283.132 0
