1788153487.880 0
1788153488.308 0
1788153488.731 0
1788153489.154 0
1788153489.574 0
1788153489.998 0
1788153490.416 0
1788153490.844 0
1788153491.260 0
1788153491.678 0
1788153492.095 0
1788153492.512 0
1788153492.929 0
1788153493.347 0
1788153493.767 0
1788153494.185 0
1788153494.605 0
1788153495.026 0
1788153495.446 0
1788153495.862 0
1788153496.279 0
1788153496.696 0
1788153497.122 0
1788153497.546 0
1788153497.963 0
1788153498.380 0
1788153498.797 0
1788153499.223 0
1788153499.641 0
1788153500.058 0
1788153500.477 0
1788153500.894 0
1788153501.311 0
1788153501.735 0
1788153502.157 0
1788153502.573 0
1788153502.997 0
1788153503.419 0
1788153503.844 0
1788153504.260 0
1788153504.680 0
1788153505.099 0
1788153505.519 0
1788153505.944 0
1788153506.374 0
1788153506.791 0
1788153507.221 0
1788153507.639 0
1788153508.068 0
1788153508.491 0
1788153508.907 0
1788153509.327 0
1788153509.754 0
1788153510.173 0
1788153510.603 0
1788153511.019 0
1788153511.436 0
1788153511.855 0
1788153512.276 0
1788153512.697 0
1788153513.116 0
1788153513.536 0
1788153513.959 0
1788153514.375 0
1788153514.793 0
1788153515.210 0
1788153515.634 0
1788153516.049 0
1788153516.467 0
1788153516.891 0
1788153517.312 0
1788153517.730 0
1788153518.170 0
1788153518.598 0
1788153519.019 0
1788153519.438 0
1788153519.854 0
1788153520.273 0
1788153520.690 0
1788153521.107 0
1788153521.526 0
1788153521.948 0
1788153522.374 0
1788153522.799 0
1788153523.219 0
1788153523.635 0
1788153524.055 0
1788153524.471 0
1788153524.894 0
1788153525.315 0
1788153525.733 0
1788153526.160 0
1788153526.579 0
1788153527.004 0
1788153527.422 0
1788153527.842 0
1788153528.266 0
1788153528.684 0
1788153529.101 0
1788153529.528 0
1788153529.947 0
1788153530.367 0
1788153530.786 0
1788153531.205 0
1788153531.625 0
1788153532.042 0
1788153532.460 0
1788153532.878 0
1788153533.302 0
1788153533.721 0
1788153534.157 0
1788153534.575 0
1788153534.992 0
1788153535.415 0
1788153535.833 0
1788153536.249 0
1788153536.668 0
1788153537.086 0
1788153537.504 0
1788153537.930 0
1788153538.347 0
1788153538.769 0
1788153539.188 0
1788153539.613 0
1788153540.032 0
1788153540.448 0
1788153540.869 0
1788153541.295 0
1788153541.714 0
1788153542.133 0
1788153542.551 0
1788153542.970 0
1788153543.387 0
1788153543.821 0
1788153544.237 0
1788153544.656 0
1788153545.080 0
1788153545.502 0
1788153545.924 0
1788153546.340 0
1788153546.758 0
1788153547.174 0
1788153547.590 0
1788153548.009 0
1788153548.431 0
1788153548.852 0
1788153549.273 0
1788153549.709 0
1788153550.130 0
1788153550.560 0
1788153550.994 0
1788153551.414 0
1788153551.834 0
1788153552.255 0
1788153552.673 0
1788153553.090 0
1788153553.511 0
1788153553.929 0
1788153554.356 0
1788153554.777 0
1788153555.196 0
1788153555.616 0
1788153556.037 0
1788153556.462 0
1788153556.888 0
1788153557.309 0
1788153557.726 0
1788153558.152 0
1788153558.571 0
1788153558.996 0
1788153559.418 0
1788153559.839 0
1788153560.265 0
1788153560.698 0
1788153561.122 0
1788153561.540 0
1788153561.957 0
1788153562.378 0
1788153562.802 0
1788153563.233 0
1788153563.656 0
1788153564.087 0
1788153564.505 0
1788153564.939 0
1788153565.371 0
1788153565.791 0
1788153566.217 0
1788153566.637 0
1788153567.054 0
1788153567.479 0
1788153567.902 0
1788153568.324 0
1788153568.752 0
1788153569.168 0
1788153569.587 0
1788153570.008 0
1788153570.434 0
1788153570.857 0
1788153571.274 0
1788153571.721 0
1788153572.156 0
1788153572.580 0
1788153573.002 0
1788153573.424 0
1788153573.848 0
1788153574.279 0
1788153574.699 0
1788153575.129 0
1788153575.558 0
1788153575.991 0
1788153576.419 0
1788153576.852 0
1788153577.270 0
1788153577.694 0
1788153578.121 0
1788153578.550 0
1788153578.970 0
1788153579.397 0
1788153579.822 0
1788153580.244 0
1788153580.664 0
1788153581.082 0
1788153581.519 0
1788153581.941 0
1788153582.366 0
1788153582.788 0
1788153583.207 0
1788153583.630 0
1788153584.053 0
1788153584.478 0
1788153584.898 0
1788153585.324 0
1788153585.751 0
1788153586.175 0
1788153586.597 0
1788153587.027 0
1788153587.447 0
1788153587.881 0
1788153588.300 0
1788153588.719 0
1788153589.136 0
1788153589.553 0
1788153589.970 0
1788153590.386 0
1788153590.807 0
1788153591.225 0
