1788152333.229 0
1788152333.650 0
1788152334.067 0
1788152334.484 0
1788152334.906 0
1788152335.336 0
1788152335.762 0
1788152336.180 0
1788152336.597 0
1788152337.017 0
1788152337.434 0
1788152337.861 0
1788152338.278 0
1788152338.695 0
1788152339.112 0
1788152339.529 0
1788152339.948 0
1788152340.366 0
1788152340.786 0
1788152341.209 0
1788152341.627 0
1788152342.048 0
1788152342.464 0
1788152342.879 0
1788152343.298 0
1788152343.718 0
1788152344.138 0
1788152344.559 0
1788152344.982 0
1788152345.397 0
1788152345.818 0
1788152346.235 0
1788152346.659 0
1788152347.077 0
1788152347.499 0
1788152347.919 0
1788152348.335 0
1788152348.753 0
1788152349.180 0
1788152349.616 0
1788152350.037 0
1788152350.464 0
1788152350.883 0
1788152351.301 0
1788152351.725 0
1788152352.144 0
1788152352.565 0
1788152352.982 0
1788152353.400 0
1788152353.829 0
1788152354.245 0
1788152354.666 0
1788152355.091 0
1788152355.507 0
1788152355.927 0
1788152356.345 0
1788152356.771 0
1788152357.188 0
1788152357.606 0
1788152358.025 0
1788152358.441 0
1788152358.857 0
1788152359.275 0
1788152359.695 0
1788152360.114 0
1788152360.530 0
1788152360.946 0
1788152361.369 0
1788152361.789 0
1788152362.213 0
1788152362.634 0
1788152363.060 0
1788152363.481 0
1788152363.896 0
1788152364.312 0
1788152364.734 0
1788152365.150 0
1788152365.566 0
1788152365.982 0
1788152366.399 0
1788152366.822 0
1788152367.244 0
1788152367.662 0
1788152368.079 0
1788152368.504 0
1788152368.925 0
1788152369.342 0
1788152369.760 0
1788152370.179 0
1788152370.596 0
1788152371.019 0
1788152371.439 0
1788152371.861 0
1788152372.292 0
1788152372.708 0
1788152373.127 0
1788152373.543 0
1788152373.962 0
1788152374.386 0
1788152374.803 0
1788152375.224 0
1788152375.643 0
1788152376.064 0
1788152376.484 0
1788152376.901 0
1788152377.331 0
1788152377.761 0
1788152378.178 0
1788152378.595 0
1788152379.017 0
1788152379.436 0
1788152379.857 0
1788152380.283 0
1788152380.705 0
1788152381.126 0
1788152381.549 0
1788152381.968 0
1788152382.387 0
1788152382.807 0
1788152383.252 0
1788152383.685 0
1788152384.103 0
1788152384.522 0
1788152384.938 0
1788152385.360 0
1788152385.787 0
1788152386.209 0
1788152386.628 0
1788152387.054 0
1788152387.478 0
1788152387.898 0
1788152388.314 0
1788152388.731 0
1788152389.149 0
1788152389.575 0
1788152389.993 0
1788152390.411 0
1788152390.831 0
1788152391.250 0
1788152391.671 0
1788152392.088 0
1788152392.516 0
1788152392.937 0
1788152393.363 0
1788152393.782 0
1788152394.208 0
1788152394.624 0
1788152395.041 0
1788152395.458 0
1788152395.883 0
1788152396.309 0
1788152396.727 0
1788152397.147 0
1788152397.566 0
1788152397.985 0
1788152398.405 0
1788152398.821 0
1788152399.237 0
1788152399.676 0
1788152400.097 0
1788152400.517 0
1788152400.951 0
1788152401.368 0
1788152401.804 0
1788152402.223 0
1788152402.639 0
1788152403.057 0
1788152403.480 0
1788152403.896 0
1788152404.314 0
1788152404.734 0
1788152405.152 0
1788152405.573 0
1788152405.991 0
