1788152595.783 0
1788152596.205 0
1788152596.624 0
1788152597.045 0
1788152597.467 0
1788152597.884 0
1788152598.307 0
1788152598.729 0
1788152599.167 0
1788152599.587 0
1788152600.017 0
1788152600.437 0
1788152600.862 0
1788152601.279 0
1788152601.701 0
1788152602.127 0
1788152602.549 0
1788152602.970 0
1788152603.397 0
1788152603.829 0
1788152604.252 0
1788152604.674 0
1788152605.092 0
1788152605.518 0
1788152605.943 0
1788152606.371 0
1788152606.792 0
1788152607.207 0
1788152607.632 0
1788152608.053 0
1788152608.480 0
1788152608.900 0
1788152609.326 0
1788152609.751 0
1788152610.171 0
1788152610.595 0
1788152611.016 0
1788152611.438 0
1788152611.860 0
1788152612.282 0
1788152612.703 0
1788152613.121 0
1788152613.544 0
1788152613.962 0
1788152614.392 0
1788152614.814 0
1788152615.235 0
1788152615.654 0
1788152616.073 0
1788152616.491 0
1788152616.910 0
1788152617.331 0
1788152617.754 0
1788152618.172 0
1788152618.602 0
1788152619.025 0
1788152619.443 0
1788152619.860 0
1788152620.287 0
1788152620.717 0
1788152621.139 0
1788152621.555 0
1788152621.977 0
1788152622.396 0
1788152622.815 0
1788152623.234 0
1788152623.650 0
1788152624.070 0
1788152624.497 0
1788152624.923 0
1788152625.341 0
1788152625.758 0
1788152626.180 0
1788152626.604 0
1788152627.024 0
1788152627.445 0
1788152627.865 0
1788152628.294 0
1788152628.721 0
1788152629.142 0
1788152629.558 0
1788152629.982 0
1788152630.400 0
1788152630.820 0
1788152631.237 0
1788152631.658 0
1788152632.079 0
1788152632.502 0
1788152632.925 0
1788152633.347 0
1788152633.765 0
1788152634.188 0
1788152634.605 0
1788152635.023 0
1788152635.439 0
1788152635.855 0
1788152636.286 0
1788152636.715 0
1788152637.132 0
1788152637.553 0
1788152637.979 0
1788152638.404 0
1788152638.825 0
1788152639.247 0
1788152639.662 0
1788152640.085 0
1788152640.504 0
1788152640.924 0
1788152641.344 0
1788152641.762 0
1788152642.185 0
1788152642.604 0
1788152643.023 0
1788152643.454 0
1788152643.874 0
1788152644.299 0
1788152644.718 0
1788152645.145 0
1788152645.564 0
1788152645.986 0
1788152646.417 0
1788152646.843 0
1788152647.262 0
1788152647.682 0
1788152648.101 0
1788152648.525 0
1788152648.948 0
1788152649.371 0
1788152649.793 0
1788152650.223 0
1788152650.642 0
1788152651.062 0
1788152651.482 0
1788152651.904 0
1788152652.328 0
1788152652.751 0
1788152653.214 0
1788152653.646 0
1788152654.068 0
1788152654.487 0
1788152654.907 0
1788152655.327 0
1788152655.747 0
1788152656.170 0
1788152656.591 0
1788152657.014 0
1788152657.437 0
1788152657.865 0
1788152658.288 0
1788152658.712 0
1788152659.130 0
1788152659.550 0
1788152659.971 0
1788152660.392 0
1788152660.810 0
1788152661.230 0
1788152661.653 0
1788152662.079 0
1788152662.500 0
1788152662.925 0
1788152663.347 0
1788152663.773 0
1788152664.192 0
1788152664.609 0
1788152665.029 0
1788152665.452 0
1788152665.876 0
1788152666.296 0
1788152666.728 0
1788152667.146 0
1788152667.567 0
1788152667.988 0
1788152668.412 0
1788152668.832 0
1788152669.251 0
1788152669.675 0
1788152670.102 0
1788152670.533 0
1788152670.952 0
1788152671.370 0
1788152671.789 0
1788152672.212 0
1788152672.632 0
1788152673.060 0
1788152673.490 0
1788152673.912 0
1788152674.331 0
1788152674.755 0
1788152675.180 0
1788152675.603 0
1788152676.025 0
1788152676.445 0
1788152676.867 0
1788152677.288 0
1788152677.707 0
1788152678.125 0
1788152678.545 0
1788152678.970 0
1788152679.393 0
1788152679.817 0
1788152680.237 0
1788152680.659 0
1788152681.083 0
1788152681.505 0
1788152681.924 0
1788152682.346 0
1788152682.769 0
1788152683.188 0
1788152683.608 0
1788152684.031 0
1788152684.453 0
1788152684.873 0
1788152685.293 0
1788152685.711 0
1788152686.131 0
1788152686.551 0
1788152686.970 0
1788152687.391 0
1788152687.815 0
1788152688.237 0
1788152688.665 0
1788152689.085 0
1788152689.507 0
1788152689.926 0
1788152690.344 0
1788152690.763 0
1788152691.183 0
1788152691.604 0
1788152692.024 0
1788152692.445 0
1788152692.865 0
1788152693.284 0
1788152693.707 0
1788152694.135 0
1788152694.558 0
1788152694.982 0
1788152695.402 0
1788152695.827 0
1788152696.246 0
1788152696.665 0
1788152697.085 0
1788152697.514 0
1788152697.942 0
