1788151186.696 0
1788151187.111 0
1788151187.526 0
1788151187.948 0
1788151188.364 0
1788151188.789 0
1788151189.203 0
1788151189.619 0
1788151190.034 0
1788151190.460 0
1788151190.877 0
1788151191.292 0
1788151191.712 0
1788151192.127 0
1788151192.557 0
1788151192.976 0
1788151193.398 0
1788151193.813 0
1788151194.229 0
1788151194.649 0
1788151195.073 0
1788151195.493 1
1788151195.913 3
1788151196.330 3
1788151196.751 0
1788151197.171 0
1788151197.592 0
1788151198.018 0
1788151198.435 0
1788151198.855 0
1788151199.276 0
1788151199.695 0
1788151200.109 0
1788151200.539 0
1788151200.957 0
1788151201.375 0
1788151201.791 0
1788151202.214 0
1788151202.630 0
1788151203.046 0
1788151203.464 0
1788151203.882 0
1788151204.300 0
1788151204.726 0
1788151205.142 0
1788151205.562 0
1788151205.984 0
1788151206.418 0
1788151206.836 0
1788151207.255 0
1788151207.673 0
1788151208.098 0
1788151208.521 0
1788151208.941 0
1788151209.361 0
1788151209.779 0
1788151210.195 0
1788151210.619 0
1788151211.038 0
1788151211.453 0
1788151211.877 0
1788151212.294 0
1788151212.711 0
1788151213.131 0
1788151213.548 0
1788151213.963 0
1788151214.379 0
1788151214.797 0
1788151215.216 0
1788151215.632 0
1788151216.049 0
1788151216.466 0
1788151216.882 0
1788151217.297 0
1788151217.716 0
1788151218.132 0
1788151218.548 0
1788151218.964 0
1788151219.383 0
1788151219.801 0
1788151220.227 0
1788151220.682 0
1788151221.106 0
1788151221.524 0
1788151221.940 0
1788151222.356 0
1788151222.776 0
1788151223.192 0
1788151223.615 0
1788151224.043 0
1788151224.457 0
1788151224.873 0
1788151225.292 0
1788151225.725 0
1788151226.146 0
1788151226.570 0
1788151226.992 0
1788151227.412 0
1788151227.832 0
1788151228.254 0
1788151228.673 0
1788151229.089 0
1788151229.514 0
1788151229.942 0
1788151230.361 0
1788151230.782 0
1788151231.212 0
1788151231.638 0
1788151232.064 0
1788151232.482 0
1788151232.902 0
1788151233.320 0
1788151233.747 0
1788151234.164 0
1788151234.585 0
1788151235.003 0
