1788151386.216 0
1788151386.635 0
1788151387.056 0
1788151387.473 0
1788151387.889 0
1788151388.313 0
1788151388.735 0
1788151389.152 0
1788151389.569 0
1788151389.985 0
1788151390.402 0
1788151390.830 0
1788151391.248 0
1788151391.664 0
1788151392.086 0
1788151392.502 0
1788151392.921 0
1788151393.341 0
1788151393.759 0
1788151394.176 0
1788151394.593 1
1788151395.009 3
1788151395.427 4
1788151395.847 4
1788151396.273 4
1788151396.695 4
1788151397.124 4
1788151397.541 4
1788151397.962 4
1788151398.379 4
1788151398.797 4
1788151399.213 4
1788151399.633 2
1788151400.059 2
1788151400.480 2
1788151400.896 2
1788151401.314 0
1788151401.731 0
1788151402.152 0
1788151402.573 0
1788151402.991 0
1788151403.410 0
1788151403.831 0
1788151404.252 0
1788151404.669 0
1788151405.085 0
1788151405.514 0
1788151405.931 0
1788151406.352 0
1788151406.772 0
1788151407.197 0
1788151407.615 0
1788151408.034 0
1788151408.453 0
1788151408.871 0
1788151409.289 0
1788151409.707 0
1788151410.125 0
1788151410.544 0
1788151410.971 0
1788151411.398 0
1788151411.816 0
1788151412.231 0
1788151412.655 0
1788151413.072 0
1788151413.489 0
1788151413.908 0
1788151414.325 0
1788151414.744 0
1788151415.163 0
1788151415.587 0
1788151416.006 0
1788151416.433 0
1788151416.852 0
1788151417.283 0
1788151417.705 0
1788151418.124 0
1788151418.540 0
1788151418.957 0
1788151419.377 0
1788151419.795 0
1788151420.219 0
1788151420.635 0
1788151421.053 0
1788151421.469 0
1788151421.885 0
1788151422.307 0
1788151422.725 0
1788151423.142 0
1788151423.557 0
1788151423.980 0
1788151424.401 0
1788151424.819 0
1788151425.236 0
1788151425.658 0
1788151426.085 0
1788151426.504 0
1788151426.923 0
1788151427.344 0
1788151427.770 0
1788151428.190 0
1788151428.614 0
1788151429.031 0
1788151429.449 0
1788151429.872 0
1788151430.292 0
1788151430.707 0
1788151431.127 0
1788151431.553 0
1788151431.970 0
1788151432.387 0
1788151432.806 0
1788151433.223 0
1788151433.644 0
1788151434.066 0
1788151434.482 0
1788151434.901 0
1788151435.319 0
1788151435.740 0
1788151436.156 0
1788151436.578 0
1788151437.001 0
1788151437.428 0
1788151437.849 0
1788151438.268 0
