1788150990.695 0
1788150991.123 0
1788150991.537 0
1788150991.958 0
1788150992.389 0
1788150992.821 0
1788150993.248 0
1788150993.676 0
1788150994.105 0
1788150994.525 0
1788150994.940 0
1788150995.357 0
1788150995.772 0
1788150996.192 0
1788150996.613 0
1788150997.027 0
1788150997.448 0
1788150997.864 0
1788150998.282 0
1788150998.701 0
1788150999.120 0
1788150999.539 0
1788150999.964 0
1788151000.380 0
1788151000.807 0
1788151001.234 0
1788151001.660 0
1788151002.077 0
1788151002.493 0
1788151002.910 0
1788151003.339 0
1788151003.758 0
1788151004.175 0
1788151004.602 0
1788151005.022 0
1788151005.446 0
1788151005.862 0
1788151006.282 0
1788151006.711 0
1788151007.128 0
1788151007.546 0
1788151007.963 0
1788151008.395 0
1788151008.821 0
1788151009.238 0
1788151009.664 0
1788151010.082 0
1788151010.502 0
1788151010.920 0
1788151011.338 0
1788151011.759 0
1788151012.183 0
1788151012.598 0
1788151013.014 0
1788151013.431 0
1788151013.854 0
1788151014.276 0
1788151014.707 0
1788151015.129 0
1788151015.544 0
1788151015.960 0
1788151016.376 0
1788151016.794 0
1788151017.210 0
1788151017.638 0
1788151018.063 0
1788151018.486 0
1788151018.904 0
1788151019.328 0
1788151019.743 0
1788151020.162 0
1788151020.583 0
1788151021.005 0
1788151021.432 0
1788151021.851 0
1788151022.273 0
1788151022.691 0
1788151023.114 0
1788151023.537 0
1788151023.961 0
1788151024.383 0
1788151024.799 0
1788151025.221 0
1788151025.640 0
1788151026.060 0
1788151026.484 0
1788151026.903 0
1788151027.334 0
1788151027.749 0
1788151028.164 0
1788151028.588 0
1788151029.010 0
1788151029.434 0
1788151029.849 0
1788151030.269 0
1788151030.688 0
1788151031.105 0
1788151031.530 0
1788151031.955 0
1788151032.377 0
1788151032.801 0
1788151033.224 0
1788151033.656 0
1788151034.072 0
1788151034.497 0
1788151034.915 0
1788151035.333 0
1788151035.751 0
1788151036.169 0
1788151036.585 0
1788151037.001 0
1788151037.423 0
1788151037.847 0
