1788150894.098 0
1788150894.516 0
1788150894.932 0
1788150895.352 0
1788150895.773 0
1788150896.191 0
1788150896.616 0
1788150897.035 0
1788150897.451 0
1788150897.872 0
1788150898.299 0
1788150898.724 0
1788150899.139 0
1788150899.555 0
1788150899.974 0
1788150900.394 0
1788150900.819 0
1788150901.239 0
1788150901.656 0
1788150902.076 0
1788150902.497 0
1788150902.924 0
1788150903.349 0
1788150903.767 0
1788150904.183 0
1788150904.601 0
1788150905.018 0
1788150905.438 0
1788150905.855 0
1788150906.272 0
1788150906.693 0
1788150907.108 0
1788150907.525 0
1788150907.948 0
1788150908.373 0
1788150908.795 0
1788150909.210 0
1788150909.633 0
1788150910.053 0
1788150910.478 0
1788150910.894 0
1788150911.310 0
1788150911.729 0
1788150912.149 0
1788150912.570 0
1788150912.992 0
1788150913.410 0
1788150913.831 0
1788150914.247 0
1788150914.663 0
1788150915.078 0
1788150915.496 0
1788150915.912 0
1788150916.329 0
1788150916.755 0
1788150917.172 0
1788150917.590 0
1788150918.011 0
1788150918.430 0
1788150918.857 0
1788150919.279 0
1788150919.699 0
1788150920.119 0
1788150920.539 0
1788150920.957 0
1788150921.375 0
1788150921.795 0
1788150922.229 0
1788150922.649 0
1788150923.077 0
1788150923.497 0
1788150923.915 0
1788150924.331 0
1788150924.746 0
1788150925.166 0
1788150925.589 0
1788150926.006 0
1788150926.426 0
1788150926.847 0
1788150927.264 0
1788150927.690 0
1788150928.109 0
1788150928.532 0
1788150928.949 0
1788150929.366 0
1788150929.800 0
1788150930.217 0
1788150930.640 0
1788150931.074 0
1788150931.494 0
1788150931.909 0
1788150932.336 0
1788150932.754 0
1788150933.176 0
1788150933.593 0
1788150934.013 0
1788150934.428 0
1788150934.847 0
1788150935.262 0
1788150935.677 0
1788150936.094 0
1788150936.509 0
1788150936.934 0
1788150937.349 0
1788150937.781 0
1788150938.198 0
1788150938.618 0
1788150939.033 0
1788150939.456 0
1788150939.876 0
1788150940.298 0
