1788151718.917 0
1788151719.339 0
1788151719.755 0
1788151720.182 0
1788151720.599 0
1788151721.017 0
1788151721.434 0
1788151721.850 0
1788151722.275 0
1788151722.693 0
1788151723.112 0
1788151723.528 0
1788151723.948 0
1788151724.368 0
1788151724.787 0
1788151725.206 0
1788151725.622 0
1788151726.038 0
1788151726.454 0
1788151726.871 0
1788151727.289 0
1788151727.706 4
1788151728.124 4
1788151728.542 4
1788151728.962 4
1788151729.388 4
1788151729.808 4
1788151730.229 4
1788151730.647 4
1788151731.063 4
1788151731.486 4
1788151731.907 4
1788151732.324 4
1788151732.757 4
1788151733.185 4
1788151733.608 4
1788151734.030 4
1788151734.452 4
1788151734.867 4
1788151735.289 4
1788151735.706 4
1788151736.125 4
1788151736.541 4
1788151736.958 4
1788151737.374 4
1788151737.798 4
1788151738.215 4
1788151738.632 4
1788151739.053 4
1788151739.472 4
1788151739.889 4
1788151740.317 4
1788151740.733 4
1788151741.155 4
1788151741.574 4
1788151741.999 4
1788151742.417 4
1788151742.841 4
1788151743.260 4
1788151743.683 4
1788151744.099 4
1788151744.525 4
1788151744.948 4
1788151745.367 4
1788151745.783 4
1788151746.204 4
1788151746.632 4
1788151747.052 4
1788151747.469 4
1788151747.887 4
1788151748.303 4
1788151748.718 4
1788151749.136 4
1788151749.553 4
1788151749.973 4
1788151750.395 4
1788151750.810 4
1788151751.230 4
1788151751.648 4
1788151752.066 4
1788151752.484 4
1788151752.899 4
1788151753.319 4
1788151753.736 4
1788151754.153 4
1788151754.572 4
1788151754.989 4
1788151755.406 4
1788151755.830 4
1788151756.255 4
1788151756.685 4
1788151757.105 4
1788151757.536 4
1788151757.952 4
1788151758.369 4
1788151758.785 4
1788151759.205 4
1788151759.623 4
1788151760.041 4
1788151760.459 4
1788151760.881 4
1788151761.297 4
1788151761.713 4
1788151762.132 4
1788151762.548 4
1788151762.968 4
1788151763.384 4
1788151763.799 4
1788151764.225 4
1788151764.652 4
1788151765.068 4
1788151765.485 4
1788151765.901 4
1788151766.317 4
1788151766.733 4
1788151767.150 4
1788151767.565 4
1788151767.986 4
1788151768.402 4
1788151768.817 4
1788151769.235 4
1788151769.656 4
1788151770.073 4
1788151770.489 4
1788151770.904 4
1788151771.323 4
1788151771.740 4
1788151772.166 4
1788151772.585 4
1788151773.007 4
1788151773.428 4
1788151773.844 4
1788151774.264 4
1788151774.684 4
1788151775.099 4
1788151775.522 4
1788151775.943 4
1788151776.363 4
1788151776.779 4
1788151777.198 4
1788151777.618 4
1788151778.046 4
1788151778.464 4
1788151778.883 4
1788151779.298 4
1788151779.715 4
1788151780.140 4
1788151780.565 4
1788151780.980 4
1788151781.396 4
1788151781.822 4
1788151782.241 3
1788151782.658 2
1788151783.082 2
1788151783.504 2
1788151783.920 1
1788151784.337 0
1788151784.760 0
1788151785.177 0
1788151785.594 0
1788151786.013 0
1788151786.434 0
1788151786.854 0
1788151787.277 0
1788151787.695 0
1788151788.117 0
1788151788.535 0
1788151788.952 0
1788151789.375 0
1788151789.795 0
1788151790.214 0
1788151790.644 0
1788151791.061 0
1788151791.479 0
1788151791.896 0
1788151792.316 0
1788151792.738 0
1788151793.159 0
1788151793.577 0
1788151794.003 0
1788151794.426 0
1788151794.845 0
1788151795.266 0
1788151795.685 0
1788151796.108 0
1788151796.532 0
1788151796.949 0
1788151797.366 0
1788151797.787 0
1788151798.206 0
1788151798.625 0
1788151799.045 0
1788151799.461 0
1788151799.890 0
1788151800.311 0
1788151800.728 0
1788151801.143 0
1788151801.565 0
1788151801.981 0
1788151802.406 0
1788151802.828 0
1788151803.244 0
1788151803.661 0
1788151804.085 0
1788151804.515 0
1788151804.946 0
1788151805.363 0
1788151805.800 0
1788151806.220 0
1788151806.640 0
1788151807.072 0
1788151807.492 0
1788151807.911 0
1788151808.327 0
1788151808.748 0
1788151809.166 0
1788151809.582 0
1788151809.997 0
1788151810.418 0
1788151810.850 0
1788151811.268 0
1788151811.691 0
1788151812.117 0
1788151812.538 0
1788151812.956 0
1788151813.377 0
1788151813.798 0
1788151814.217 0
1788151814.645 0
1788151815.067 0
1788151815.485 0
1788151815.907 0
1788151816.326 0
1788151816.754 0
1788151817.180 0
1788151817.609 0
1788151818.042 0
1788151818.458 0
1788151818.875 0
1788151819.291 0
1788151819.710 0
1788151820.129 0
1788151820.545 0
1788151820.968 0
