1788151285.287 0
1788151285.711 0
1788151286.126 0
1788151286.544 0
1788151286.962 0
1788151287.380 0
1788151287.801 0
1788151288.221 0
1788151288.638 0
1788151289.055 0
1788151289.475 0
1788151289.892 0
1788151290.308 0
1788151290.727 0
1788151291.142 0
1788151291.572 0
1788151291.990 0
1788151292.405 0
1788151292.822 0
1788151293.237 0
1788151293.654 0
1788151294.070 0
1788151294.489 1
1788151294.906 4
1788151295.324 4
1788151295.742 4
1788151296.158 4
1788151296.573 4
1788151296.994 4
1788151297.425 1
1788151297.845 1
1788151298.283 1
1788151298.711 1
1788151299.129 0
1788151299.547 0
1788151299.968 0
1788151300.387 0
1788151300.804 0
1788151301.225 0
1788151301.644 0
1788151302.072 0
1788151302.488 0
1788151302.904 0
1788151303.325 0
1788151303.745 0
1788151304.165 0
1788151304.588 0
1788151305.013 0
1788151305.446 0
1788151305.863 0
1788151306.292 0
1788151306.716 0
1788151307.142 0
1788151307.563 0
1788151307.992 0
1788151308.414 0
1788151308.844 0
1788151309.263 0
1788151309.680 0
1788151310.100 0
1788151310.526 0
1788151310.949 0
1788151311.373 0
1788151311.794 0
1788151312.209 0
1788151312.627 0
1788151313.050 0
1788151313.473 0
1788151313.893 0
1788151314.313 0
1788151314.731 0
1788151315.147 0
1788151315.563 0
1788151315.979 0
1788151316.401 0
1788151316.826 0
1788151317.248 0
1788151317.668 0
1788151318.097 0
1788151318.519 0
1788151318.938 0
1788151319.357 0
1788151319.776 0
1788151320.198 0
1788151320.619 0
1788151321.036 0
1788151321.455 0
1788151321.871 0
1788151322.289 0
1788151322.709 0
1788151323.129 0
1788151323.546 0
1788151323.964 0
1788151324.380 0
1788151324.802 0
1788151325.223 0
1788151325.646 0
1788151326.066 0
1788151326.489 0
1788151326.909 0
1788151327.328 0
1788151327.747 0
1788151328.165 0
1788151328.590 0
1788151329.005 0
1788151329.422 0
1788151329.843 0
1788151330.265 0
1788151330.689 0
1788151331.109 0
1788151331.532 0
1788151331.958 0
1788151332.376 0
1788151332.793 0
1788151333.213 0
1788151333.635 0
1788151334.054 0
1788151334.481 0
1788151334.909 0
1788151335.329 0
1788151335.745 0
