1788150799.495 0
1788150799.911 0
1788150800.333 0
1788150800.750 0
1788150801.166 0
1788150801.592 0
1788150802.008 0
1788150802.424 0
1788150802.839 0
1788150803.257 0
1788150803.672 0
1788150804.090 0
1788150804.509 0
1788150804.925 0
1788150805.340 0
1788150805.763 0
1788150806.182 0
1788150806.598 0
1788150807.021 0
1788150807.446 0
1788150807.864 0
1788150808.283 0
1788150808.708 0
1788150809.132 0
1788150809.547 0
1788150809.970 0
1788150810.389 0
1788150810.809 0
1788150811.229 0
1788150811.650 0
1788150812.071 0
1788150812.491 0
1788150812.916 0
1788150813.338 0
1788150813.754 0
1788150814.174 0
1788150814.589 0
1788150815.010 0
1788150815.432 0
1788150815.849 0
1788150816.273 0
1788150816.689 0
1788150817.115 0
1788150817.535 0
1788150817.951 0
1788150818.367 0
1788150818.784 0
1788150819.203 0
1788150819.618 0
1788150820.039 0
1788150820.460 0
1788150820.880 0
1788150821.297 0
1788150821.718 0
1788150822.142 0
1788150822.562 0
1788150822.977 0
1788150823.394 0
1788150823.811 0
1788150824.233 0
1788150824.650 0
1788150825.070 0
1788150825.491 0
1788150825.914 0
1788150826.342 0
1788150826.759 0
1788150827.179 0
1788150827.599 0
1788150828.016 0
1788150828.455 0
1788150828.877 0
1788150829.308 0
1788150829.732 0
1788150830.152 0
1788150830.575 0
1788150830.990 0
1788150831.411 0
1788150831.826 0
1788150832.242 0
1788150832.659 0
1788150833.078 0
1788150833.495 0
1788150833.914 0
1788150834.335 0
1788150834.756 0
1788150835.171 0
1788150835.591 0
1788150836.010 0
1788150836.436 0
1788150836.851 0
1788150837.267 0
1788150837.682 0
1788150838.100 0
1788150838.516 0
1788150838.941 0
1788150839.356 0
1788150839.775 0
1788150840.199 0
1788150840.615 0
1788150841.034 0
1788150841.468 0
1788150841.887 0
1788150842.304 0
1788150842.720 0
1788150843.149 0
1788150843.564 0
1788150843.996 0
