1788151595.993 0
1788151596.410 0
1788151596.835 0
1788151597.253 0
1788151597.674 0
1788151598.091 0
1788151598.511 0
1788151598.943 0
1788151599.360 0
1788151599.776 0
1788151600.198 0
1788151600.615 0
1788151601.036 0
1788151601.456 0
1788151601.882 0
1788151602.308 0
1788151602.730 0
1788151603.152 0
1788151603.567 0
1788151603.990 0
1788151604.411 0
1788151604.832 3
1788151605.248 4
1788151605.670 4
1788151606.088 4
1788151606.505 4
1788151606.927 4
1788151607.345 4
1788151607.765 4
1788151608.192 4
1788151608.608 4
1788151609.030 4
1788151609.453 4
1788151609.872 4
1788151610.306 4
1788151610.722 4
1788151611.141 4
1788151611.564 4
1788151611.989 4
1788151612.407 4
1788151612.824 4
1788151613.241 4
1788151613.667 4
1788151614.084 4
1788151614.501 4
1788151614.923 4
1788151615.346 4
1788151615.763 4
1788151616.183 4
1788151616.599 4
1788151617.021 4
1788151617.440 4
1788151617.856 4
1788151618.272 4
1788151618.695 4
1788151619.111 4
1788151619.534 4
1788151619.955 4
1788151620.371 4
1788151620.787 4
1788151621.204 4
1788151621.622 4
1788151622.042 4
1788151622.464 4
1788151622.883 4
1788151623.301 4
1788151623.719 4
1788151624.134 4
1788151624.550 4
1788151624.968 4
1788151625.385 4
1788151625.801 4
1788151626.220 4
1788151626.643 4
1788151627.063 4
1788151627.480 4
1788151627.905 4
1788151628.325 4
1788151628.742 4
1788151629.169 4
1788151629.606 3
1788151630.023 3
1788151630.440 2
1788151630.856 2
1788151631.273 2
1788151631.691 2
1788151632.115 0
1788151632.533 0
1788151632.949 0
1788151633.381 0
1788151633.799 0
1788151634.226 0
1788151634.645 0
1788151635.073 0
1788151635.489 0
1788151635.906 0
1788151636.321 0
1788151636.737 0
1788151637.154 0
1788151637.572 0
1788151637.990 0
1788151638.411 0
1788151638.827 0
1788151639.251 0
1788151639.680 0
1788151640.098 0
1788151640.516 0
1788151640.942 0
1788151641.360 0
1788151641.777 0
1788151642.194 0
1788151642.613 0
1788151643.032 0
1788151643.457 0
1788151643.875 0
1788151644.294 0
1788151644.715 0
1788151645.135 0
1788151645.551 0
1788151645.976 0
1788151646.407 0
1788151646.830 0
1788151647.253 0
1788151647.677 0
1788151648.099 0
1788151648.523 0
1788151648.944 0
1788151649.361 0
1788151649.779 0
1788151650.198 0
1788151650.630 0
1788151651.048 0
1788151651.470 0
1788151651.886 0
1788151652.306 0
1788151652.730 0
1788151653.147 0
1788151653.568 0
1788151653.992 0
1788151654.415 0
1788151654.835 0
1788151655.253 0
1788151655.670 0
1788151656.089 0
1788151656.516 0
1788151656.932 0
1788151657.349 0
1788151657.772 0
1788151658.188 0
1788151658.618 0
1788151659.034 0
1788151659.461 0
1788151659.878 0
1788151660.301 0
1788151660.719 0
1788151661.136 0
1788151661.555 0
1788151661.974 0
1788151662.391 0
1788151662.807 0
1788151663.239 0
1788151663.662 0
1788151664.081 0
1788151664.504 0
1788151664.921 0
1788151665.337 0
1788151665.760 0
1788151666.177 0
1788151666.599 0
1788151667.020 0
1788151667.443 0
1788151667.862 0
1788151668.280 0
1788151668.706 0
