1788151488.617 0
1788151489.034 0
1788151489.454 0
1788151489.881 0
1788151490.296 0
1788151490.713 0
1788151491.140 0
1788151491.566 0
1788151491.984 0
1788151492.403 0
1788151492.820 0
1788151493.238 0
1788151493.654 0
1788151494.080 0
1788151494.496 0
1788151494.913 0
1788151495.331 0
1788151495.751 0
1788151496.172 0
1788151496.612 0
1788151497.031 0
1788151497.448 4
1788151497.866 4
1788151498.291 4
1788151498.710 4
1788151499.127 4
1788151499.543 4
1788151499.959 4
1788151500.375 4
1788151500.792 4
1788151501.210 4
1788151501.632 4
1788151502.053 4
1788151502.469 4
1788151502.890 4
1788151503.311 4
1788151503.728 4
1788151504.145 4
1788151504.562 4
1788151504.983 4
1788151505.413 4
1788151505.831 4
1788151506.269 4
1788151506.686 4
1788151507.103 2
1788151507.524 2
1788151507.941 2
1788151508.379 2
1788151508.795 1
1788151509.214 0
1788151509.637 0
1788151510.054 0
1788151510.476 0
1788151510.898 0
1788151511.324 0
1788151511.742 0
1788151512.158 0
1788151512.585 0
1788151513.005 0
1788151513.428 0
1788151513.850 0
1788151514.289 0
1788151514.715 0
1788151515.132 0
1788151515.556 0
1788151515.977 0
1788151516.416 0
1788151516.834 0
1788151517.254 0
1788151517.674 0
1788151518.091 0
1788151518.513 0
1788151518.931 0
1788151519.349 0
1788151519.766 0
1788151520.188 0
1788151520.616 0
1788151521.050 0
1788151521.472 0
1788151521.894 0
1788151522.314 0
1788151522.735 0
1788151523.152 0
1788151523.571 0
1788151523.988 0
1788151524.405 0
1788151524.826 0
1788151525.246 0
1788151525.665 0
1788151526.087 0
1788151526.512 0
1788151526.931 0
1788151527.353 0
1788151527.773 0
1788151528.191 0
1788151528.609 0
1788151529.029 0
1788151529.450 0
1788151529.870 0
1788151530.287 0
1788151530.705 0
1788151531.127 0
1788151531.546 0
1788151531.968 0
1788151532.390 0
1788151532.810 0
1788151533.231 0
1788151533.653 0
1788151534.073 0
1788151534.500 0
1788151534.922 0
1788151535.340 0
1788151535.761 0
1788151536.186 0
1788151536.604 0
1788151537.024 0
1788151537.441 0
1788151537.877 0
1788151538.300 0
1788151538.731 0
1788151539.153 0
1788151539.580 0
1788151539.997 0
1788151540.420 0
1788151540.846 0
1788151541.271 0
1788151541.699 0
1788151542.128 0
1788151542.550 0
1788151542.966 0
1788151543.384 0
1788151543.806 0
1788151544.224 0
1788151544.645 0
1788151545.064 0
1788151545.489 0
