1788151088.101 0
1788151088.518 0
1788151088.938 0
1788151089.353 0
1788151089.770 0
1788151090.194 0
1788151090.622 0
1788151091.041 0
1788151091.457 0
1788151091.872 0
1788151092.292 0
1788151092.720 0
1788151093.139 0
1788151093.566 0
1788151093.983 0
1788151094.398 0
1788151094.841 0
1788151095.259 0
1788151095.679 0
1788151096.096 0
1788151096.516 0
1788151096.935 0
1788151097.351 1
1788151097.769 1
1788151098.184 0
1788151098.601 0
1788151099.020 0
1788151099.438 0
1788151099.853 0
1788151100.273 0
1788151100.692 0
1788151101.120 0
1788151101.541 0
1788151101.968 0
1788151102.386 0
1788151102.809 0
1788151103.228 0
1788151103.648 0
1788151104.067 0
1788151104.486 0
1788151104.904 0
1788151105.322 0
1788151105.756 0
1788151106.172 0
1788151106.595 0
1788151107.014 0
1788151107.435 0
1788151107.855 0
1788151108.279 0
1788151108.700 0
1788151109.118 0
1788151109.537 0
1788151109.952 0
1788151110.368 0
1788151110.787 0
1788151111.211 0
1788151111.631 0
1788151112.054 0
1788151112.480 0
1788151112.897 0
1788151113.318 0
1788151113.735 0
1788151114.154 0
1788151114.569 0
1788151114.988 0
1788151115.403 0
1788151115.819 0
1788151116.234 0
1788151116.650 0
1788151117.065 0
1788151117.482 0
1788151117.897 0
1788151118.320 0
1788151118.746 0
1788151119.160 0
1788151119.579 0
1788151119.996 0
1788151120.415 0
1788151120.834 0
1788151121.258 0
1788151121.679 0
1788151122.094 0
1788151122.511 0
1788151122.935 0
1788151123.352 0
1788151123.774 0
1788151124.194 0
1788151124.617 0
1788151125.040 0
1788151125.463 0
1788151125.879 0
1788151126.309 0
1788151126.733 0
1788151127.151 0
1788151127.567 0
1788151127.987 0
1788151128.410 0
1788151128.833 0
1788151129.252 0
1788151129.669 0
1788151130.084 0
1788151130.507 0
1788151130.931 0
1788151131.363 0
1788151131.780 0
1788151132.196 0
1788151132.611 0
1788151133.029 0
1788151133.445 0
1788151133.862 0
1788151134.280 0
1788151134.703 0
1788151135.124 0
1788151135.551 0
1788151135.970 0
1788151136.393 0
